ite	H	Cor	T	Sc	Top(cm)	Bot(cm)	Depth (mbsf)	WW (%)	WD (%)	BD (g/cc)	DD (g/cc)	GD (g/cc)	PO (%)	VR    	Method	Comments

202	1232	A	  1	H	 1	  74.0	  76.0	       0.740	  52.6	 110.9	    1.463	    0.694	    2.787	  75.1	 3.018	     C	        
202	1232	A	  1	H	 2	  74.0	  76.0	       2.250	  43.0	  75.5	    1.619	    0.923	    2.886	  68.0	 2.128	     C	        
202	1232	A	  1	H	 3	  74.0	  76.0	       3.750	  44.3	  79.4	    1.575	    0.878	    2.751	  68.1	 2.134	     C	        
202	1232	A	  1	H	 4	  74.0	  76.0	       5.260	  30.1	  43.0	    1.835	    1.283	    2.784	  53.9	 1.169	     C	        
202	1232	A	  1	H	 5	  74.0	  76.0	       6.760	  42.0	  72.5	    1.615	    0.936	    2.780	  66.3	 1.970	     C	        
202	1232	A	  1	H	 6	  74.0	  76.0	       8.260	  42.4	  73.5	    1.612	    0.929	    2.788	  66.7	 2.002	     C	        
202	1232	A	  3	H	 1	  74.0	  76.0	      19.240	  35.1	  54.0	    1.732	    1.125	    2.764	  59.3	 1.457	     C	        
202	1232	A	  3	H	 2	  74.0	  76.0	      20.730	  34.0	  51.5	    1.752	    1.157	    2.763	  58.1	 1.389	     C	        
202	1232	A	  3	H	 3	  74.0	  76.0	      22.240	  29.5	  41.8	    1.841	    1.298	    2.760	  53.0	 1.126	     C	        
202	1232	A	  3	H	 4	  74.0	  76.0	      23.750	  34.0	  51.6	    1.748	    1.153	    2.753	  58.1	 1.388	     C	        
202	1232	A	  3	H	 5	  74.0	  76.0	      25.250	  28.4	  39.6	    1.882	    1.348	    2.816	  52.1	 1.089	     C	        
202	1232	A	  3	H	 6	  74.0	  76.0	      26.750	  35.2	  54.3	    1.738	    1.127	    2.799	  59.8	 1.485	     C	        
202	1232	A	  3	H	 7	  20.0	  22.0	      27.720	  31.7	  46.3	    1.800	    1.230	    2.775	  55.7	 1.255	     C	        
202	1232	A	  4	H	 1	  74.0	  76.0	      27.740	  32.0	  47.2	    1.810	    1.230	    2.837	  56.6	 1.306	     C	        
202	1232	A	  4	H	 2	  74.0	  76.0	      29.250	  29.0	  40.8	    1.857	    1.319	    2.781	  52.6	 1.108	     C	        
202	1232	A	  4	H	 3	  74.0	  76.0	      30.760	  32.6	  48.4	    1.785	    1.203	    2.787	  56.8	 1.317	     C	        
202	1232	A	  4	H	 4	  74.0	  76.0	      32.290	  35.8	  55.7	    1.713	    1.100	    2.737	  59.8	 1.488	     C	        
202	1232	A	  4	H	 5	  74.0	  76.0	      33.800	  45.6	  83.9	    1.555	    0.846	    2.754	  69.3	 2.256	     C	        
202	1232	A	  4	H	 6	  74.0	  76.0	      35.310	  35.4	  54.9	    1.722	    1.112	    2.752	  59.6	 1.475	     C	        
202	1232	A	  4	H	 7	  20.0	  22.0	      36.280	  31.5	  46.0	    1.794	    1.229	    2.743	  55.2	 1.232	     C	        
202	1232	A	  5	H	 1	  74.0	  76.0	      37.240	  39.8	  66.0	    1.649	    0.993	    2.764	  64.1	 1.782	     C	        
202	1232	A	  5	H	 2	  74.0	  76.0	      38.750	  37.1	  59.0	    1.689	    1.062	    2.738	  61.2	 1.577	     C	        
202	1232	A	  5	H	 3	  74.0	  76.0	      40.270	  38.4	  62.4	    1.666	    1.025	    2.736	  62.5	 1.668	     C	        
202	1232	A	  5	H	 4	  74.0	  76.0	      41.790	  37.3	  59.4	    1.698	    1.065	    2.787	  61.8	 1.616	     C	        
202	1232	A	  5	H	 5	  74.0	  76.0	      43.310	  33.1	  49.6	    1.771	    1.184	    2.776	  57.3	 1.344	     C	        
202	1232	A	  5	H	 6	  74.0	  76.0	      44.830	  34.1	  51.7	    1.760	    1.160	    2.799	  58.5	 1.412	     C	        
202	1232	A	  5	H	 7	  20.0	  22.0	      45.800	  32.3	  47.8	    1.780	    1.204	    2.751	  56.2	 1.285	     C	        
202	1232	A	  6	H	 1	  74.0	  76.0	      46.740	  30.9	  44.8	    1.816	    1.254	    2.778	  54.8	 1.215	     C	        
202	1232	A	  6	H	 2	  74.0	  76.0	      48.250	  36.2	  56.7	    1.716	    1.095	    2.782	  60.6	 1.541	     C	        
202	1232	A	  6	H	 3	  74.0	  76.0	      49.770	  33.6	  50.7	    1.760	    1.168	    2.770	  57.8	 1.371	     C	        
202	1232	A	  6	H	 4	  74.0	  76.0	      51.280	  21.7	  27.8	    2.009	    1.573	    2.743	  42.7	 0.744	     C	        
202	1232	A	  6	H	 5	  74.0	  76.0	      52.790	  32.3	  47.8	    1.798	    1.216	    2.815	  56.8	 1.315	     C	        
202	1232	A	  6	H	 6	  74.0	  76.0	      54.300	  34.2	  52.0	    1.748	    1.150	    2.765	  58.4	 1.405	     C	        
202	1232	A	  6	H	 7	  20.0	  22.0	      55.270	  31.2	  45.4	    1.804	    1.240	    2.757	  55.0	 1.222	     C	        
202	1232	A	  7	H	 1	  74.0	  76.0	      56.240	  37.4	  59.8	    1.681	    1.052	    2.729	  61.5	 1.594	     C	        
202	1232	A	  7	H	 2	  74.0	  76.0	      57.750	  33.6	  50.5	    1.767	    1.174	    2.788	  57.9	 1.375	     C	        
202	1232	A	  7	H	 3	  74.0	  76.0	      59.250	  32.1	  47.2	    1.791	    1.217	    2.772	  56.1	 1.278	     C	        
202	1232	A	  7	H	 4	  74.0	  76.0	      60.770	  36.5	  57.6	    1.703	    1.081	    2.755	  60.8	 1.549	     C	        
202	1232	A	  7	H	 5	  74.0	  76.0	      62.280	  28.8	  40.4	    1.857	    1.323	    2.765	  52.2	 1.090	     C	        
202	1232	A	  7	H	 6	  20.0	  22.0	      63.250	  32.6	  48.5	    1.779	    1.198	    2.769	  56.7	 1.310	     C	        
202	1232	A	  7	H	 6	  74.0	  76.0	      63.790	  32.8	  48.9	    1.745	    1.172	    2.662	  56.0	 1.270	     C	        
202	1232	A	  8	H	 1	  74.0	  76.0	      65.740	  30.0	  42.9	    1.824	    1.277	    2.743	  53.4	 1.148	     C	        
202	1232	A	  8	H	 2	  74.0	  76.0	      67.250	  28.3	  39.4	    1.856	    1.332	    2.730	  51.2	 1.050	     C	        
202	1232	A	  8	H	 3	  74.0	  76.0	      68.760	  33.8	  51.1	    1.757	    1.163	    2.771	  58.0	 1.382	     C	        
202	1232	A	  8	H	 4	  74.0	  76.0	      70.270	  30.4	  43.7	    1.816	    1.264	    2.745	  54.0	 1.173	     C	        
202	1232	A	  8	H	 5	  74.0	  76.0	      71.790	  37.2	  59.3	    1.687	    1.059	    2.738	  61.3	 1.585	     C	        
202	1232	A	  8	H	 6	  74.0	  76.0	      73.310	  24.5	  32.4	    1.954	    1.476	    2.768	  46.7	 0.876	     C	        
202	1232	A	  8	H	 7	  20.0	  22.0	      74.290	  31.0	  45.0	    1.799	    1.241	    2.730	  54.5	 1.200	     C	        
202	1232	A	  9	H	 1	  74.0	  76.0	      75.240	  49.3	  97.3	    1.497	    0.759	    2.719	  72.1	 2.584	     C	        
202	1232	A	  9	H	 2	  74.0	  76.0	      76.740	  35.4	  54.7	    1.728	    1.117	    2.770	  59.7	 1.481	     C	        
202	1232	A	  9	H	 3	  74.0	  76.0	      78.250	  38.2	  61.8	    1.667	    1.030	    2.723	  62.2	 1.643	     C	        
202	1232	A	  9	H	 3	  86.0	  88.0	      78.370	  31.7	  46.4	    1.792	    1.224	    2.748	  55.4	 1.245	     C	        
202	1232	A	  9	H	 4	  74.0	  76.0	      79.760	  30.7	  44.3	    1.809	    1.254	    2.741	  54.3	 1.186	     C	        
202	1232	A	  9	H	 5	  74.0	  76.0	      81.270	  29.6	  42.1	    1.836	    1.293	    2.756	  53.1	 1.133	     C	        
202	1232	A	  9	H	 6	  74.0	  76.0	      82.780	  32.5	  48.2	    1.768	    1.193	    2.720	  56.1	 1.279	     C	        
202	1232	A	 10	H	 1	  74.0	  76.0	      84.740	  31.2	  45.3	    1.804	    1.242	    2.754	  54.9	 1.218	     C	        
202	1232	A	 10	H	 2	  74.0	  76.0	      86.250	  32.5	  48.1	    1.797	    1.214	    2.821	  57.0	 1.324	     C	        
202	1232	A	 10	H	 3	  74.0	  76.0	      87.770	  21.6	  27.6	    2.018	    1.582	    2.756	  42.6	 0.742	     C	        
202	1232	A	 10	H	 4	  74.0	  76.0	      89.280	  29.4	  41.7	    1.832	    1.293	    2.730	  52.7	 1.112	     C	        
202	1232	A	 10	H	 5	  74.0	  76.0	      90.800	  43.5	  77.1	    1.584	    0.894	    2.738	  67.3	 2.062	     C	        
202	1232	A	 10	H	 6	  74.0	  76.0	      92.310	  33.6	  50.5	    1.759	    1.168	    2.760	  57.7	 1.362	     C	        
202	1232	A	 11	H	 1	  74.0	  76.0	      94.240	  36.8	  58.3	    1.696	    1.071	    2.745	  61.0	 1.562	     C	        
202	1232	A	 11	H	 2	  74.0	  76.0	      95.750	  36.5	  57.4	    1.723	    1.094	    2.833	  61.4	 1.589	     C	        
202	1232	A	 11	H	 3	  74.0	  76.0	      97.250	  36.0	  56.3	    1.712	    1.095	    2.753	  60.2	 1.513	     C	        
202	1232	A	 11	H	 4	  74.0	  76.0	      98.770	  29.4	  41.7	    1.848	    1.305	    2.781	  53.1	 1.132	     C	        
202	1232	A	 11	H	 5	  74.0	  76.0	     100.270	  32.8	  48.7	    1.772	    1.192	    2.751	  56.7	 1.309	     C	        
202	1232	A	 11	H	 6	  74.0	  76.0	     101.780	  22.9	  29.7	    1.994	    1.537	    2.776	  44.6	 0.806	     C	        
202	1232	A	 11	H	 7	  20.0	  22.0	     102.750	  35.5	  55.0	    1.723	    1.112	    2.762	  59.8	 1.485	     C	        
202	1232	A	 12	H	 1	  74.0	  76.0	     103.740	  30.3	  43.4	    1.822	    1.270	    2.751	  53.8	 1.166	     C	        
202	1232	A	 12	H	 2	  74.0	  76.0	     105.250	  32.1	  47.2	    1.781	    1.209	    2.735	  55.8	 1.262	     C	        
202	1232	A	 12	H	 3	  74.0	  76.0	     106.770	  31.7	  46.4	    1.792	    1.224	    2.747	  55.4	 1.244	     C	        
202	1232	A	 12	H	 4	  74.0	  76.0	     108.290	  31.7	  46.4	    1.796	    1.227	    2.761	  55.6	 1.251	     C	        
202	1232	A	 12	H	 5	  74.0	  76.0	     109.810	  26.1	  35.3	    1.916	    1.415	    2.768	  48.9	 0.955	     C	        
202	1232	A	 12	H	 6	  74.0	  76.0	     111.330	  27.4	  37.8	    1.887	    1.370	    2.768	  50.5	 1.021	     C	        
202	1232	A	 12	H	 7	  20.0	  22.0	     112.310	  28.5	  39.9	    1.866	    1.334	    2.775	  51.9	 1.081	     C	        
202	1232	A	 13	X	 1	  74.0	  76.0	     113.240	  35.2	  54.3	    1.726	    1.118	    2.749	  59.3	 1.458	     C	        
202	1232	A	 13	X	 2	  74.0	  76.0	     114.740	  35.7	  55.6	    1.722	    1.106	    2.772	  60.1	 1.506	     C	        
202	1232	A	 13	X	 3	  74.0	  76.0	     116.240	  36.1	  56.5	    1.698	    1.085	    2.704	  59.9	 1.491	     C	        
202	1232	A	 13	X	 4	  74.0	  76.0	     117.750	  27.1	  37.1	    1.887	    1.376	    2.748	  49.9	 0.997	     C	        
202	1232	A	 13	X	 5	  74.0	  76.0	     119.270	  29.3	  41.5	    1.856	    1.312	    2.802	  53.2	 1.136	     C	        
202	1232	A	 14	X	 1	  20.0	  22.0	     121.500	  32.8	  48.8	    1.775	    1.193	    2.766	  56.9	 1.318	     C	        
202	1232	A	 15	X	 1	  74.0	  76.0	     131.640	  35.3	  54.4	    1.735	    1.123	    2.788	  59.7	 1.482	     C	        
202	1232	A	 15	X	 2	  20.0	  22.0	     132.600	  28.8	  40.4	    1.859	    1.324	    2.772	  52.3	 1.095	     C	        
202	1232	A	 16	X	 1	  74.0	  76.0	     141.340	  35.2	  54.4	    1.733	    1.123	    2.780	  59.6	 1.477	     C	        
202	1232	A	 16	X	 2	  74.0	  76.0	     142.840	  32.9	  49.0	    1.773	    1.190	    2.764	  57.0	 1.324	     C	        
202	1232	A	 18	X	 1	  74.0	  76.0	     160.640	  29.0	  40.9	    1.866	    1.324	    2.813	  52.9	 1.124	     C	        
202	1232	A	 18	X	 2	  74.0	  76.0	     162.140	  37.7	  60.6	    1.679	    1.045	    2.741	  61.9	 1.622	     C	        
202	1232	A	 18	X	 3	  74.0	  76.0	     163.650	  34.1	  51.7	    1.772	    1.169	    2.847	  59.0	 1.437	     C	        
202	1232	A	 18	X	 4	  74.0	  76.0	     165.150	  28.0	  38.9	    1.886	    1.358	    2.805	  51.6	 1.066	     C	        
202	1232	A	 19	X	 1	  74.0	  76.0	     170.240	  27.8	  38.4	    1.889	    1.364	    2.796	  51.2	 1.050	     C	        
202	1232	A	 19	X	 2	  74.0	  76.0	     171.750	  27.9	  38.7	    1.881	    1.356	    2.781	  51.3	 1.052	     C	        
202	1232	A	 20	X	 1	  74.0	  76.0	     179.940	  31.7	  46.4	    1.799	    1.228	    2.773	  55.7	 1.258	     C	        
202	1232	A	 20	X	 2	  74.0	  76.0	     181.440	  31.8	  46.6	    1.806	    1.232	    2.804	  56.1	 1.277	     C	        
202	1232	A	 20	X	 3	  74.0	  76.0	     182.940	  30.9	  44.6	    1.824	    1.261	    2.800	  55.0	 1.221	     C	        
202	1232	A	 21	X	 1	  72.0	  74.0	     189.520	  30.1	  43.0	    1.834	    1.282	    2.778	  53.8	 1.166	     C	        
202	1232	A	 21	X	 2	  74.0	  76.0	     191.030	  33.0	  49.3	    1.758	    1.177	    2.720	  56.7	 1.310	     C	        
202	1232	A	 21	X	 3	  40.0	  42.0	     192.190	  29.8	  42.4	    1.841	    1.293	    2.784	  53.6	 1.154	     C	        
202	1232	A	 22	X	 1	  74.0	  76.0	     198.840	  31.6	  46.1	    1.814	    1.242	    2.817	  55.9	 1.268	     C	        
202	1232	A	 22	X	 2	  74.0	  76.0	     200.340	  35.8	  55.9	    1.732	    1.111	    2.823	  60.6	 1.540	     C	        
202	1232	A	 22	X	 3	  74.0	  76.0	     201.850	  34.6	  52.9	    1.728	    1.130	    2.715	  58.4	 1.403	     C	        
202	1232	A	 22	X	 4	  74.0	  76.0	     203.350	  26.6	  36.2	    1.922	    1.411	    2.818	  49.9	 0.997	     C	        
202	1232	A	 22	X	 5	  74.0	  76.0	     204.360	  29.2	  41.2	    1.847	    1.309	    2.761	  52.6	 1.110	     C	        
202	1232	A	 23	X	 1	  74.0	  76.0	     208.440	  36.4	  57.2	    1.724	    1.096	    2.832	  61.3	 1.583	     C	        
202	1232	A	 23	X	 2	  74.0	  76.0	     209.940	  34.9	  53.5	    1.748	    1.138	    2.812	  59.5	 1.470	     C	        
202	1232	A	 23	X	 3	  74.0	  76.0	     211.440	  34.7	  53.2	    1.763	    1.150	    2.861	  59.8	 1.487	     C	        
202	1232	A	 23	X	 4	  74.0	  76.0	     212.950	  34.4	  52.3	    1.771	    1.163	    2.867	  59.4	 1.465	     C	        
202	1232	A	 23	X	 5	  74.0	  76.0	     214.450	  32.9	  48.9	    1.779	    1.195	    2.785	  57.1	 1.331	     C	        
202	1232	A	 24	X	 1	  74.0	  76.0	     218.040	  33.0	  49.2	    1.776	    1.191	    2.783	  57.2	 1.337	     C	        
202	1232	A	 24	X	 2	  74.0	  76.0	     219.550	  23.6	  30.9	    1.980	    1.513	    2.783	  45.6	 0.839	     C	        
202	1232	A	 25	X	 1	  74.0	  76.0	     227.640	  25.2	  33.7	    1.945	    1.455	    2.791	  47.9	 0.918	     C	        
202	1232	A	 25	X	 2	  74.0	  76.0	     229.110	  30.4	  43.7	    1.828	    1.272	    2.784	  54.3	 1.189	     C	        
202	1232	A	 25	X	 3	  74.0	  76.0	     230.610	  29.6	  42.1	    1.851	    1.303	    2.804	  53.5	 1.153	     C	        
202	1232	A	 25	X	 4	  74.0	  76.0	     232.120	  32.7	  48.6	    1.790	    1.204	    2.813	  57.2	 1.336	     C	        
202	1232	A	 25	X	 5	  74.0	  76.0	     233.610	  31.6	  46.1	    1.810	    1.238	    2.801	  55.8	 1.262	     C	        
202	1232	A	 25	X	 6	  74.0	  76.0	     235.110	  28.4	  39.6	    1.873	    1.342	    2.788	  51.9	 1.079	     C	        
202	1232	A	 26	X	 1	  74.0	  76.0	     237.240	  30.9	  44.8	    1.819	    1.256	    2.791	  55.0	 1.221	     C	        
202	1232	A	 26	X	 2	  74.0	  76.0	     238.720	  27.7	  38.4	    1.889	    1.365	    2.795	  51.2	 1.048	     C	        
202	1232	A	 26	X	 3	  74.0	  76.0	     240.210	  28.7	  40.3	    1.869	    1.333	    2.801	  52.4	 1.102	     C	        
202	1232	A	 26	X	 4	  74.0	  76.0	     241.710	  27.4	  37.7	    1.901	    1.381	    2.809	  50.8	 1.034	     C	        
202	1232	A	 26	X	 5	  74.0	  76.0	     243.210	  31.5	  45.9	    1.812	    1.242	    2.804	  55.7	 1.258	     C	        
202	1232	A	 26	X	 6	  74.0	  76.0	     244.710	  28.1	  39.0	    1.879	    1.352	    2.785	  51.5	 1.061	     C	        
202	1232	A	 27	X	 1	  74.0	  76.0	     246.840	  32.3	  47.7	    1.788	    1.211	    2.773	  56.3	 1.291	     C	        
202	1232	A	 27	X	 2	  74.0	  76.0	     248.330	  31.4	  45.9	    1.815	    1.244	    2.811	  55.7	 1.259	     C	        
202	1232	A	 27	X	 3	  74.0	  76.0	     249.830	  29.0	  40.8	    1.870	    1.328	    2.820	  52.9	 1.123	     C	        
202	1232	A	 27	X	 4	  74.0	  76.0	     251.330	  25.8	  34.8	    1.930	    1.432	    2.791	  48.7	 0.950	     C	        
202	1232	A	 27	X	 5	  74.0	  76.0	     252.820	  33.9	  51.2	    1.768	    1.169	    2.817	  58.5	 1.410	     C	        
202	1232	A	 27	X	 6	  74.0	  76.0	     254.320	  29.6	  42.0	    1.845	    1.299	    2.779	  53.2	 1.139	     C	        
202	1232	A	 27	X	 7	  74.0	  76.0	     255.330	  30.9	  44.7	    1.805	    1.247	    2.739	  54.5	 1.196	     C	        
202	1232	A	 28	X	 1	  74.0	  76.0	     256.440	  32.1	  47.2	    1.786	    1.213	    2.752	  55.9	 1.269	     C	        
202	1232	A	 28	X	 3	  74.0	  76.0	     259.410	  41.3	  70.3	    1.608	    0.944	    2.682	  64.8	 1.841	     C	        
202	1232	A	 28	X	 5	  74.0	  76.0	     262.390	  31.3	  45.6	    1.805	    1.240	    2.767	  55.2	 1.232	     C	        
202	1232	A	 28	X	 7	  74.0	  76.0	     264.900	  27.5	  37.8	    1.888	    1.370	    2.775	  50.6	 1.025	     C	        
202	1232	A	 29	X	 1	  74.0	  76.0	     266.040	  30.2	  43.2	    1.822	    1.273	    2.747	  53.7	 1.158	     C	        
202	1232	A	 29	X	 3	  74.0	  76.0	     269.030	  33.4	  50.2	    1.753	    1.167	    2.730	  57.2	 1.338	     C	        
202	1232	A	 29	X	 5	  74.0	  76.0	     272.020	  27.9	  38.7	    1.878	    1.354	    2.773	  51.2	 1.048	     C	        
202	1232	A	 29	X	 7	  74.0	  76.0	     274.520	  29.3	  41.5	    1.847	    1.305	    2.772	  52.9	 1.124	     C	        
202	1232	A	 30	X	 1	  74.0	  76.0	     275.740	  30.6	  44.2	    1.832	    1.271	    2.814	  54.8	 1.215	     C	        
202	1232	A	 30	X	 3	  74.0	  76.0	     278.740	  33.7	  50.9	    1.737	    1.151	    2.689	  57.2	 1.335	     C	        
202	1232	A	 30	X	 5	  74.0	  76.0	     281.730	  30.8	  44.4	    1.819	    1.259	    2.776	  54.6	 1.204	     C	        
202	1232	A	 30	X	 7	  74.0	  76.0	     284.230	  31.0	  44.9	    1.802	    1.244	    2.736	  54.5	 1.200	     C	        
202	1232	A	 31	X	 1	  74.0	  76.0	     285.440	  32.1	  47.3	    1.784	    1.211	    2.749	  55.9	 1.269	     C	        
202	1232	A	 31	X	 3	  74.0	  76.0	     288.430	  26.2	  35.5	    1.916	    1.414	    2.771	  49.0	 0.960	     C	        
202	1232	A	 31	X	 5	  74.0	  76.0	     291.420	  31.3	  45.5	    1.794	    1.233	    2.728	  54.8	 1.213	     C	        
202	1232	A	 32	X	 1	  74.0	  76.0	     295.040	  29.7	  42.2	    1.843	    1.296	    2.781	  53.4	 1.145	     C	        
202	1232	A	 32	X	 3	  74.0	  76.0	     298.030	  28.0	  38.9	    1.873	    1.349	    2.764	  51.2	 1.049	     C	        
202	1232	A	 32	X	 5	  74.0	  76.0	     301.050	  29.7	  42.2	    1.829	    1.286	    2.739	  53.0	 1.130	     C	        
202	1232	A	 33	X	 1	  74.0	  76.0	     304.640	  27.9	  38.6	    1.885	    1.360	    2.791	  51.3	 1.052	     C	        
202	1232	A	 33	X	 3	  74.0	  76.0	     307.660	  29.9	  42.6	    1.835	    1.287	    2.770	  53.6	 1.153	     C	        
202	1232	A	 34	X	 1	  70.0	  72.0	     314.200	  25.7	  34.6	    1.937	    1.439	    2.801	  48.6	 0.947	     C	        
202	1232	A	 34	X	 3	  74.0	  76.0	     317.240	  23.5	  30.6	    1.987	    1.521	    2.791	  45.5	 0.835	     C	        
202	1232	A	 34	X	 4	  74.0	  76.0	     318.750	  31.6	  46.3	    1.773	    1.212	    2.681	  54.8	 1.212	     C	        
202	1232	A	 34	X	 5	  74.0	  76.0	     320.250	  35.4	  54.8	    1.723	    1.113	    2.753	  59.6	 1.474	     C	        
202	1232	A	 34	X	 6	  74.0	  76.0	     321.760	  26.3	  35.7	    1.919	    1.414	    2.792	  49.4	 0.975	     C	        
202	1232	A	 34	X	 7	  20.0	  22.0	     322.730	  25.3	  33.8	    1.952	    1.459	    2.812	  48.1	 0.928	     C	        
202	1232	A	 35	X	 1	  74.0	  76.0	     323.840	  37.9	  61.0	    1.683	    1.045	    2.770	  62.3	 1.651	     C	        
202	1232	A	 35	X	 3	  74.0	  76.0	     326.870	  34.7	  53.2	    1.723	    1.125	    2.706	  58.4	 1.406	     C	        
202	1232	A	 35	X	 5	  74.0	  76.0	     329.890	  28.2	  39.2	    1.882	    1.352	    2.803	  51.8	 1.073	     C	        
202	1232	A	 36	X	 1	  74.0	  76.0	     333.440	  30.7	  44.3	    1.823	    1.263	    2.789	  54.7	 1.207	     C	        
202	1232	A	 36	X	 3	  74.0	  76.0	     336.460	  31.9	  46.8	    1.796	    1.223	    2.776	  55.9	 1.269	     C	        
202	1232	A	 36	X	 5	  74.0	  76.0	     339.480	  30.6	  44.1	    1.804	    1.252	    2.716	  53.9	 1.169	     C	        
202	1232	A	 36	X	 7	  20.0	  22.0	     341.860	  34.7	  53.1	    1.730	    1.130	    2.728	  58.6	 1.415	     C	        
202	1232	A	 37	X	 1	  74.0	  76.0	     343.040	  30.7	  44.2	    1.821	    1.262	    2.776	  54.5	 1.199	     C	        
202	1232	A	 37	X	 3	  74.0	  76.0	     346.060	  32.0	  47.0	    1.773	    1.206	    2.704	  55.4	 1.241	     C	        
202	1232	A	 37	X	 5	  74.0	  76.0	     349.090	  36.3	  57.1	    1.702	    1.084	    2.737	  60.4	 1.526	     C	        
202	1232	A	 38	X	 1	  74.0	  76.0	     352.740	  31.6	  46.2	    1.804	    1.234	    2.785	  55.7	 1.257	     C	        
202	1232	A	 38	X	 3	  74.0	  76.0	     355.750	  33.9	  51.4	    1.739	    1.149	    2.712	  57.6	 1.360	     C	        
202	1232	A	 38	X	 5	  74.0	  76.0	     358.760	  29.9	  42.6	    1.833	    1.286	    2.763	  53.5	 1.149	     C	        
202	1232	A	 38	X	 7	  20.0	  22.0	     361.150	  29.6	  42.0	    1.843	    1.299	    2.775	  53.2	 1.137	     C	        
202	1232	B	  1	H	 4	  74.0	  76.0	       5.250	  49.9	  99.6	    1.502	    0.752	    2.807	  73.2	 2.732	     C	        
202	1232	B	  1	H	 5	  74.0	  76.0	       6.750	  43.9	  78.4	    1.602	    0.898	    2.871	  68.7	 2.198	     C	        
202	1232	B	  1	H	 6	  74.0	  76.0	       8.250	  40.0	  66.7	    1.648	    0.988	    2.777	  64.4	 1.809	     C	        
202	1232	B	  2	H	 1	  74.0	  76.0	       9.840	  38.9	  63.7	    1.662	    1.015	    2.758	  63.2	 1.716	     C	        
202	1232	B	  2	H	 2	  74.0	  76.0	      11.330	  39.0	  63.8	    1.668	    1.018	    2.784	  63.4	 1.735	     C	        
202	1232	B	  2	H	 3	  74.0	  76.0	      12.820	  28.3	  39.5	    1.857	    1.331	    2.735	  51.3	 1.055	     C	        
202	1232	B	  2	H	 4	  74.0	  76.0	      14.310	  30.9	  44.7	    1.810	    1.250	    2.755	  54.6	 1.203	     C	        
202	1232	C	  1	H	 1	  74.0	  76.0	       0.740	  60.5	 153.4	    1.363	    0.538	    2.769	  80.6	 4.148	     C	        
202	1232	C	  1	H	 2	  74.0	  76.0	       2.250	  55.4	 124.2	    1.433	    0.639	    2.847	  77.5	 3.452	     C	        
